634847568223034664447956776492202113
3901034149853721237737675457122857
50160
121
952246964855299264930633
35388620667316356516315547523825611
90635729748116624041707427464539600916359
070839114687430422883355665474000803787
18268772
708779027315103051225463
936925655572608666
802396038776
63149138226706001810448353493
99223
6561351743881825456853926336
4087006458131824
000706257424420689005942110898757531360995
91028216785955190456851851150114191
83460780823808322225636119278140934
5796821985438352440429
00892299872619362294041271576759091
20182967914500
2748356358006720943230225133489197884
9767929
4076525070
005676047235516813
27507370088786180905853225616810453940270709380
846055320471841
0000169694030278
953785751908729745572
662705858043497247283319086486890277674234
19573
805071179640384185118285810669182
4703194561097150973048
00378933516685824585970432233363228706396
83403389041459088114931674206355
000003076770
118
92177263
4248234793153776727009
699060648338234017885288583363769165975
48305057705621254163319469413871851511
5117260455019023777285729734523947814408246
3864781509025021667427044022214931221221
681027226097301977647248372946050940885656670178
126676556587129008612176357262562326477556710
69485098924261019925861610309402344943281249765990
48513571654986395
6035768378277539910896803873962164288519750307769
000043249744544290325383
9
04714835012359515848
0006820522589913861103411226025111481143289061378
25436450082826330675228033534580970
503663363037529
01995342494564474045393268769469
000348153312937398215207027053
66199246786201434
6747733868307900748123861360182441
6327382657366
43216681
000111965353795268422
0024960018
947702926148694906
2
00741623563
640523813
92662855334729
0002890044493
0000051404897056789
3745463569204926294778671357449110922833894724
3855243958509
44162169066750
64298790536154122065429751187404230417059
20735545332672572068798867927659127250349
08627412612086778530008237325631094598269713170889
71277026409537
9112730735636793251337136682537383470832
00879337711
84253331
361400483079002886978
99022409376135905
873712878471890159904305363888556246243667370583
571419380
95234276648405280432990
04769404859094701964293
62058048
88565845967109919571693169952817439195
715188086568723316496441402381280652930733
00534279396624
78133088664
000994269791238585992340412677464490859654223
501252736
00081325777003704984402897409577409
000004942397861865927170
8662835470942053036285463938396733
91906414196960163014976266343
3593924136855597
000996940584783480987
818
036147286831910894112
348299942573478707
137374134183570709154
78369158242713838805801156698094
131331
7764942939293566838962
970081519964318488797098
8
000847467184811965162770474105
4399293959519945135256959138192630421560
8718572968534583023415305623
00000711393120844617555335867311365114
0
00782411483801797377500895864764707947580475398196
9376720247912747855691893915466
24291802065997959258614161588427861839469443316
7990973174706
89737421610787995051390978
00072915516129980279
72997057607017076483420781
63545155545400169621359093257698122
37904388814
8157443
180
46819336875633429416
5103400454309923643
000009416301
000053531722496447667537591546397165735033056108
000336874049297
000466222091367627608287691512262
21183597531
39057570200766400482021548595676072574
694162789249910254295310245
1305666521373257706768065238653919361917897265
001
00009801882
0000476603272257
8779289054889076
6829187897628344209157
03
5953442741279674712727
76411495913195903350208579076
21604805862810095
065272277801452899080751352
2902277
80588837234744724650190175997
480
0001803051178961310160384743630201560482015
2432850166218675607647312
376044833
606356423942900264033550392327100678624095
0000366276629078921832104641125007200708476
62065761360080415828858570018887250702
32425393003687667830731061176281851364589759
7906
004672580486282434807126358519431
3
208405166788420769329577835114491172792555550046
258848
30117005617538676
4096203524999241203516800
95637002497263071697572429
4114602282629059179093704432679051652957
4253625
6542685254037295098844233560820951651058
25753284896515665100087309
14363772844918303547476208371735252
26780519950058420982738529087626695568273962876556
50920333912240195665483232298405333678000
30842497860029152375478231389706897557159491295847
99793029889459
6338321695832190670648840353705799846863221762651
0004514158795939917692096900380471244789857329630
4054242389
38690415456536459274561997078168814093648869327
464344321156427302062
9
00084363868322691343723387809789691041425559568366
5323200677186981230121283678034
8182649867905
00552315853
9457180906801681976763124448
2034810120516
89674699711973218578281088692788
37
108974963017711453588516835850153387591
75068264898157034237517822805
00003508061569874471229805
3880015300106570976133651046134024368
00398
21729862758402219979208100900868
05
153188132963317492628739239744380490401086019131
0064548692548
87949435041361
87208333227140318758315690320357144104718
00000731140113314298679050698331117
900529764259307590563948006680700432778479
027795232204062811156002862250847141748
590720184412166082228688
