85536370343125173101108722567837207256329914048891
71720030551494521243350573375439517372522355890221
27149294709714880428992968561153211172089250989472
79003203155164330885770100999459454712814559929372
74068806767610188183688444611077278424257656692752
87862722791625196477667848583846577169835984174624
93027527456890920232870620668008470057269639171787
50548997779561843086699818270990751879986731881958
42528215152717034262620065963013959898264399961089
62255996668456843746817449339927432994222931024482
92376374414501633036505108665744743039066889216780
42324557925507698653975195039421373669708545971476
34824600862982076193944694883122141180479675837027
60339085429120419427049890964411503871519436949167
42916953137039378723765413153919543394093072113281
35730465291089544351562457030088625730045087386142
61869945813332809743414091603249809188142382602948
74590288727498231631735541107887175187653483446544
69411841792109453357949057331264129662218404823453
50511191416861362006815008503789908170205535892774
55513712126191508275550722240539307782697345589834
34318006876155256381384474024133523871173934072473
34652962606602642501300985780791310765644526768352
76064343705111259795546711184188400641740143165869
72430250897311863576445507863073209901509216113956
32804540801348531558179753115980584928336386649195
13825101281005132333678739291289153801049042308643
64600752861056237406802798380625512348720089543134
27969637722288203078778147482703022049657226928205
93469661753785594095856211991965076423703940273689
66477577697698718364208645080878156431596982247794
58364979587769280429183713881705773810551683089000
48176638685445031339147708597498570829929803608209
75178966912627156797415079494612508664021413482192
89457017769989531860565688651720118919928277517874
23642756460470954678003909778405954347323292255119
86753223349393291396461788393341971860103345635206
84970000706882168672175798881317345421742307713614
25945569831768095379810305535009376801295953828090
86997821899574249153715518964387881142662996560226
32781904906167064726209064184148485098267719227498
49880512432444774422337179722944442853376737561100
39285726190762959725447872365222541231613256095688
14031035450159978300039327627473724827029704761535
38899516167727752141941685405143243369056475878693
45886629834067234494603893825011114356141245591954
98325794783770781348637846197923196760161976236248
43778130099430681872993246240509542302748503026939
65980413536561181491308770867237300196330081167173
18956482164269215555642221275548471611273524180451
65356483012202611004987039448765425526060513768101
37089009453993090410308553827667875353373023077777
25086663432464898279360866947845118469673945233497
93489210300707722301912259705138087698266917761066
74113234004438582823938915505895379731469104819301
16389177289639044775296847619438459117846746495641
14696908720034594791119956219317118412565282562723
33289534170181646202354485323516143224515365136030
28181859775127526269318934162917978792677927806221
62379715369070471554320538294682978063890293860016
97890560121853430189179941465002806675667753079914
47317392175524002980545351451759971849395942092469
33819337332784156927979594058664051145265784873361
24659454592119816077474519783190459305326133776904
35892163184381825324515072681896012054524260279448
69642513003903562102896647043878205735551904553241
74062238106133047527702470537352070601495963378590
14036677423628643820858026056791785859575958017556
46531900853221946747080753239759045867962210881542
24300540468528142368794843016852173547283534735615
59733826161321004921398172374451543966435074070957
44861971475502540415746843659144851088477506185336
85650015355436062681648756218345440023721496049612
64749420316177839610795905168547036285140384516741
81896973871686649440530584192540116005616039535578
11740236963709425102909760411034897546608113968749
57968286016814160933314175800866019896830051742203
22552647661199152172406735207175775985384567098677
63340328354024299679489120179723286699218253220781
76080774371127147609956997988737021395189668359619
12087667996158261642205278155426459209610940058637
74104785379528359102471218012993078868719760234789
70146263820655753408649683578654185640010651711089
81505215890636427650066919353867375123538386589954
19657668501143561748886115661296221065366731072990
62628075347300640372708353331785511511082093576500
70418369215540289772315467542804177281944436541371
11082306788215564253969130180471578002863563745393
53745469471025523812632253016287231739524556210797
43148837798833700486407257671481278360278505237704
18170831336275355328813330146002504337140868501536
27137863594119267226263558983378630822791067711388
24091358557215998458808413386188603563522819220848
53516253945267833427596557555820192225524590618929
63804772498641301640203963680522620568909383169900
16450877818426626711152965573888776295355004210604
36237459365956263430263308008964805303666889816445
30333364816368503071613868489228746148913687817173
81727175993361109202478379163183696751517270994132
97418334343705737356368766747514441977700698998153
